{
 "cells": [
  {
   "cell_type": "code",
   "execution_count": 4,
   "id": "d986ba1d",
   "metadata": {},
   "outputs": [
    {
     "name": "stdout",
     "output_type": "stream",
     "text": [
      "Q (Orthogonal Matrix):\n",
      " [[-0.85714286  0.39428571  0.33142857]\n",
      " [-0.42857143 -0.90285714 -0.03428571]\n",
      " [ 0.28571429 -0.17142857  0.94285714]]\n",
      "\n",
      "R (Upper Triangular Matrix):\n",
      " [[ -14.  -21.   14.]\n",
      " [   0. -175.   70.]\n",
      " [   0.    0.  -35.]]\n"
     ]
    }
   ],
   "source": [
    "import numpy as np\n",
    "\n",
    "# Define a 3x3 matrix\n",
    "A = np.array([[12, -51, 4], \n",
    "              [6, 167, -68], \n",
    "              [-4, 24, -41]])\n",
    "# Perform QR Decomposition\n",
    "Q, R = np.linalg.qr(A)\n",
    "\n",
    "print(\"Q (Orthogonal Matrix):\\n\", Q)\n",
    "print(\"\\nR (Upper Triangular Matrix):\\n\", R)"
   ]
  },
  {
   "cell_type": "code",
   "execution_count": 3,
   "id": "4a17518a",
   "metadata": {},
   "outputs": [
    {
     "name": "stdout",
     "output_type": "stream",
     "text": [
      "Q (Orthogonal Matrix):\n",
      " [[-0.57735027 -0.57735027 -0.57735027]\n",
      " [-0.57735027  0.78867513 -0.21132487]\n",
      " [-0.57735027 -0.21132487  0.78867513]]\n",
      "\n",
      "R (Upper Triangular Matrix):\n",
      " [[-1.73205081 -1.73205081 -1.73205081]\n",
      " [ 0.          0.          0.        ]\n",
      " [ 0.          0.          0.        ]]\n"
     ]
    }
   ],
   "source": [
    "import numpy as np\n",
    "\n",
    "# Define a 3x3 matrix\n",
    "ssa = np.array([[1, 1, 1], \n",
    "              [1, 1, 1], \n",
    "              [1, 1, 1]])\n",
    "# Perform QR Decomposition\n",
    "Q, R = np.linalg.qr(ssa)\n",
    "\n",
    "print(\"Q (Orthogonal Matrix):\\n\", Q)\n",
    "print(\"\\nR (Upper Triangular Matrix):\\n\", R)"
   ]
  }
 ],
 "metadata": {
  "kernelspec": {
   "display_name": "Python 3",
   "language": "python",
   "name": "python3"
  },
  "language_info": {
   "codemirror_mode": {
    "name": "ipython",
    "version": 3
   },
   "file_extension": ".py",
   "mimetype": "text/x-python",
   "name": "python",
   "nbconvert_exporter": "python",
   "pygments_lexer": "ipython3",
   "version": "3.12.3"
  }
 },
 "nbformat": 4,
 "nbformat_minor": 5
}
